-------------------------
1BPP YX
YY-CHR plug-in (c)2009 Yy
-------------------------

■概要
YY-CHR用の1BPPのプラグインです。
通常の1BPPとは、ビットに対するピクセルのXとYの方向が異なります。

	サンプルデータ
	00 01 02 03 04 05 06 07

	YY-CHR標準の1BPPの場合のピクセルの参照先(実際にはビットを考慮する)
	00 00 00 00 00 00 00 00 
	01 01 01 01 01 01 01 01 
	02 02 02 02 02 02 02 02 
	03 03 03 03 03 03 03 03 
	04 04 04 04 04 04 04 04 
	05 05 05 05 05 05 05 05 
	06 06 06 06 06 06 06 06 
	07 07 07 07 07 07 07 07 

	このプラグイン(1BPP YX)の場合のピクセルの参照先(実際にはビットを考慮する)
	00 01 02 03 04 05 06 07
	00 01 02 03 04 05 06 07
	00 01 02 03 04 05 06 07
	00 01 02 03 04 05 06 07
	00 01 02 03 04 05 06 07
	00 01 02 03 04 05 06 07
	00 01 02 03 04 05 06 07
	00 01 02 03 04 05 06 07


■用途
・Transcendのオーディオプレイヤーのファームの画像やフォントの変更に使えるようです。
  ※ファームを改造すると保証は無効になります。
    また、異常なファームを使うことで機器が壊れる可能性があります。自己責任でご利用ください。

■プラグイン情報
Plugin Ver. ：2
色数　　　　：2
キャラサイズ：8x8
圧縮　　　　：no
表示のみ　　：no
対応拡張子　：bin





